1883559023
-192606703
1065958051
-177081071
781533709
-43947392
-1675684954
-93305878
-2003002425
536850771
-968517263
2133601862
267914640
-1627840729
1120579643
254396442
-2090467342
-1145604165
-2065272584
-1316181976
262442070
666149451
171173857
-1088107278
-481143414
-1520149201
1004965594
1646443501
611864431
352945933
370802832
-1614642270
400425326
1888482255
1322153706
328728467
895004909
-1108245918
-1694175597
-374880320
-1681701557
649744278
580151064
1987322167
